%YAML:1.0
---
File.version: "1.0"
Camera.RGB: 1
Camera.type: "PinHole"
Camera.fps: 24
Camera.height: 1080
Camera.width: 1440
Camera1.cx: 558.600976958302
Camera1.cy: 562.5573605565277
Camera1.fx: 605.2819979170079
Camera1.fy: 609.8451064278554
Camera1.k1: -0.1745858653654629
Camera1.k2: 0.11958599785504145
Camera1.p1: 0.00803052811609127
Camera1.p2: 0.021486808017018764
IMU.AccWalk: 0.003
IMU.GyroWalk: 1.0e-05
IMU.NoiseAcc: 0.004
IMU.NoiseGyro: 0.00032
IMU.Frequency: 200.0
IMU.T_b_c1: !!opencv-matrix
   rows: 4
   cols: 4
   dt: f
   data: [1., 0., 0., 0.,
         0., 1., 0., -0.12475,
        0., 0., 1., -0.202,
         0.0, 0.0, 0.0, 1.0]
ORBextractor.iniThFAST: 20
ORBextractor.minThFAST: 7
ORBextractor.nFeatures: 2000
ORBextractor.nLevels: 8
ORBextractor.scaleFactor: 1.2
Viewer.CameraLineWidth: 2.0
Viewer.CameraSize: 0.15
Viewer.GraphLineWidth: 1.0
Viewer.KeyFrameLineWidth: 1.0
Viewer.KeyFrameSize: 0.1
Viewer.PointSize: 2.0
Viewer.ViewpointF: 2000.0
Viewer.ViewpointX: 0.0
Viewer.ViewpointY: -10.0
Viewer.ViewpointZ: -0.1
